1910	1
1914	1
1915	2
1916	2
1917	3
1918	2
1919	3
1920	2
1921	5
1922	3
1923	3
1924	3
1925	2
1926	8
1927	2
1928	6
1929	4
1930	9
1931	7
1932	8
1933	12
1934	4
1935	10
1936	14
1937	10
1938	9
1939	6
1940	4
1941	9
1942	8
1943	8
1944	9
1945	8
1946	13
1947	4
1948	13
1949	10
1950	8
1951	12
1952	5
1953	10
1954	13
1955	9
1956	9
1957	16
1958	15
1959	19
1960	13
1961	11
1962	14
1963	20
1964	22
1965	10
1966	15
1967	17
1968	15
1969	23
1970	19
1971	26
1972	26
1973	25
1974	15
1975	15
1976	21
1977	18
1978	23
1979	24
1980	24
1981	27
1982	33
1983	25
1984	21
1985	27
1986	19
1987	29
1988	23
1989	30
1990	28
1991	31
1992	20
1993	22
1994	19
1995	19
1996	25
1997	33
1998	23
1999	22
2000	45
2001	41
2002	42
2003	45
2004	33
2005	41
2006	46
2007	47
2008	62
2009	75
2010	89
2011	91
2012	68
2013	66
2014	94
2015	92
2016	88
2017	87
2018	82
2019	54
2020	2
